num<-c(1,4,5,8,3,9,4,8,3,6,4,8,12,34,75,3,5,56,9)
mean_num<-
median_num<-
mode_num<-
variance<-
stan_div<-
